53030
53040
53070
53100
53120
53130
53160
53190
53390
53460
53510
53540
53760
53860
55020
55160
55170
55240
55330
55331
55400
55460
55500
55610
55690
55700
55730
55780
55810
55860
55930
56070
56071
56240
56250
56290
56300
56310
56350
56360
56380
56390
56400
56450
56451
56490
56520
56530
56540
56570
56590
56600
56610
57999
58140
58141
58200
58201
58220
58260
58310
58370
58500
58580
58630
58650
58740
58860
58861
58880
58881
59020
59030
59050
59051
59100
59190
59191
59260
59261
59270
59271
59280
59340
59341
59360
59370
59371
59380
59381
59390
59440
59480
59481
59500
59501
59700
59730
59780
59850
